# From Ensembl homo_sapiens_core_69_37  Jan 14, 2013
# select s.name, k.band, k.seq_region_start, k.seq_region_end from seq_region s, seq_region_attrib sa, attrib_type a, karyotype k
# where sa.seq_region_id = s.seq_region_id and sa.attrib_type_id = a.attrib_type_id and a.code = "karyotype_rank" and k.seq_region_id = s.seq_region_id
# order by abs(sa.value)
1	p11.1	121500001	125000000
1	p11.2	120600001	121500000
1	p12	117800001	120600000
1	p13.1	116100001	117800000
1	p13.2	111800001	116100000
1	p13.3	107200001	111800000
1	p21.1	102200001	107200000
1	p21.2	99700001	102200000
1	p21.3	94700001	99700000
1	p22.1	92000001	94700000
1	p22.2	88400001	92000000
1	p22.3	84900001	88400000
1	p31.1	69700001	84900000
1	p31.2	68900001	69700000
1	p31.3	61300001	68900000
1	p32.1	59000001	61300000
1	p32.2	56100001	59000000
1	p32.3	50700001	56100000
1	p33	46800001	50700000
1	p34.1	44100001	46800000
1	p34.2	40100001	44100000
1	p34.3	34600001	40100000
1	p35.1	32400001	34600000
1	p35.2	30200001	32400000
1	p35.3	28000001	30200000
1	p36.11	23900001	28000000
1	p36.12	20400001	23900000
1	p36.13	16200001	20400000
1	p36.21	12700001	16200000
1	p36.22	9200001	12700000
1	p36.23	7200001	9200000
1	p36.31	5400001	7200000
1	p36.32	2300001	5400000
1	p36.33	1	2300000
1	q11	125000001	128900000
1	q12	128900001	142600000
1	q21.1	142600001	147000000
1	q21.2	147000001	150300000
1	q21.3	150300001	155000000
1	q22	155000001	156500000
1	q23.1	156500001	159100000
1	q23.2	159100001	160500000
1	q23.3	160500001	165500000
1	q24.1	165500001	167200000
1	q24.2	167200001	170900000
1	q24.3	170900001	172900000
1	q25.1	172900001	176000000
1	q25.2	176000001	180300000
1	q25.3	180300001	185800000
1	q31.1	185800001	190800000
1	q31.2	190800001	193800000
1	q31.3	193800001	198700000
1	q32.1	198700001	207200000
1	q32.2	207200001	211500000
1	q32.3	211500001	214500000
1	q41	214500001	224100000
1	q42.11	224100001	224600000
1	q42.12	224600001	227000000
1	q42.13	227000001	230700000
1	q42.2	230700001	234700000
1	q42.3	234700001	236600000
1	q43	236600001	243700000
1	q44	243700001	249250621
2	p11.1	90500001	93300000
2	p11.2	83300001	90500000
2	p12	75000001	83300000
2	p13.1	73500001	75000000
2	p13.2	71500001	73500000
2	p13.3	68600001	71500000
2	p14	64100001	68600000
2	p15	61300001	64100000
2	p16.1	55000001	61300000
2	p16.2	52900001	55000000
2	p16.3	47800001	52900000
2	p21	41800001	47800000
2	p22.1	38600001	41800000
2	p22.2	36600001	38600000
2	p22.3	32100001	36600000
2	p23.1	30000001	32100000
2	p23.2	27900001	30000000
2	p23.3	24000001	27900000
2	p24.1	19200001	24000000
2	p24.2	16700001	19200000
2	p24.3	12200001	16700000
2	p25.1	7100001	12200000
2	p25.2	4400001	7100000
2	p25.3	1	4400000
2	q11.1	93300001	96800000
2	q11.2	96800001	102700000
2	q12.1	102700001	106000000
2	q12.2	106000001	107500000
2	q12.3	107500001	110200000
2	q13	110200001	114400000
2	q14.1	114400001	118800000
2	q14.2	118800001	122400000
2	q14.3	122400001	129900000
2	q21.1	129900001	132500000
2	q21.2	132500001	135100000
2	q21.3	135100001	136800000
2	q22.1	136800001	142200000
2	q22.2	142200001	144100000
2	q22.3	144100001	148700000
2	q23.1	148700001	149900000
2	q23.2	149900001	150500000
2	q23.3	150500001	154900000
2	q24.1	154900001	159800000
2	q24.2	159800001	163700000
2	q24.3	163700001	169700000
2	q31.1	169700001	178000000
2	q31.2	178000001	180600000
2	q31.3	180600001	183000000
2	q32.1	183000001	189400000
2	q32.2	189400001	191900000
2	q32.3	191900001	197400000
2	q33.1	197400001	203300000
2	q33.2	203300001	204900000
2	q33.3	204900001	209000000
2	q34	209000001	215300000
2	q35	215300001	221500000
2	q36.1	221500001	225200000
2	q36.2	225200001	226100000
2	q36.3	226100001	231000000
2	q37.1	231000001	235600000
2	q37.2	235600001	237300000
2	q37.3	237300001	243199373
3	p11.1	87900001	91000000
3	p11.2	87200001	87900000
3	p12.1	83500001	87200000
3	p12.2	79800001	83500000
3	p12.3	74200001	79800000
3	p13	69800001	74200000
3	p14.1	63700001	69800000
3	p14.2	58600001	63700000
3	p14.3	54400001	58600000
3	p21.1	52300001	54400000
3	p21.2	50600001	52300000
3	p21.31	44200001	50600000
3	p21.32	44100001	44200000
3	p21.33	43700001	44100000
3	p22.1	39400001	43700000
3	p22.2	36500001	39400000
3	p22.3	32100001	36500000
3	p23	30900001	32100000
3	p24.1	26400001	30900000
3	p24.2	23900001	26400000
3	p24.3	16400001	23900000
3	p25.1	13300001	16400000
3	p25.2	11800001	13300000
3	p25.3	8700001	11800000
3	p26.1	4000001	8700000
3	p26.2	2800001	4000000
3	p26.3	1	2800000
3	q11.1	91000001	93900000
3	q11.2	93900001	98300000
3	q12.1	98300001	100000000
3	q12.2	100000001	100900000
3	q12.3	100900001	102800000
3	q13.11	102800001	106200000
3	q13.12	106200001	107900000
3	q13.13	107900001	111300000
3	q13.2	111300001	113500000
3	q13.31	113500001	117300000
3	q13.32	117300001	119000000
3	q13.33	119000001	121900000
3	q21.1	121900001	123800000
3	q21.2	123800001	125800000
3	q21.3	125800001	129200000
3	q22.1	129200001	133700000
3	q22.2	133700001	135700000
3	q22.3	135700001	138700000
3	q23	138700001	142800000
3	q24	142800001	148900000
3	q25.1	148900001	152100000
3	q25.2	152100001	155000000
3	q25.31	155000001	157000000
3	q25.32	157000001	159000000
3	q25.33	159000001	160700000
3	q26.1	160700001	167600000
3	q26.2	167600001	170900000
3	q26.31	170900001	175700000
3	q26.32	175700001	179000000
3	q26.33	179000001	182700000
3	q27.1	182700001	184500000
3	q27.2	184500001	186000000
3	q27.3	186000001	187900000
3	q28	187900001	192300000
3	q29	192300001	198022430
4	p11	48200001	50400000
4	p12	44600001	48200000
4	p13	41200001	44600000
4	p14	35800001	41200000
4	p15.1	27700001	35800000
4	p15.2	21300001	27700000
4	p15.31	17800001	21300000
4	p15.32	15200001	17800000
4	p15.33	11300001	15200000
4	p16.1	6000001	11300000
4	p16.2	4500001	6000000
4	p16.3	1	4500000
4	q11	50400001	52700000
4	q12	52700001	59500000
4	q13.1	59500001	66600000
4	q13.2	66600001	70500000
4	q13.3	70500001	76300000
4	q21.1	76300001	78900000
4	q21.21	78900001	82400000
4	q21.22	82400001	84100000
4	q21.23	84100001	86900000
4	q21.3	86900001	88000000
4	q22.1	88000001	93700000
4	q22.2	93700001	95100000
4	q22.3	95100001	98800000
4	q23	98800001	101100000
4	q24	101100001	107700000
4	q25	107700001	114100000
4	q26	114100001	120800000
4	q27	120800001	123800000
4	q28.1	123800001	128800000
4	q28.2	128800001	131100000
4	q28.3	131100001	139500000
4	q31.1	139500001	141500000
4	q31.21	141500001	146800000
4	q31.22	146800001	148500000
4	q31.23	148500001	151100000
4	q31.3	151100001	155600000
4	q32.1	155600001	161800000
4	q32.2	161800001	164500000
4	q32.3	164500001	170100000
4	q33	170100001	171900000
4	q34.1	171900001	176300000
4	q34.2	176300001	177500000
4	q34.3	177500001	183200000
4	q35.1	183200001	187100000
4	q35.2	187100001	191154276
5	p11	46100001	48400000
5	p12	42500001	46100000
5	p13.1	38400001	42500000
5	p13.2	33800001	38400000
5	p13.3	28900001	33800000
5	p14.1	24600001	28900000
5	p14.2	23300001	24600000
5	p14.3	18400001	23300000
5	p15.1	15000001	18400000
5	p15.2	9800001	15000000
5	p15.31	6300001	9800000
5	p15.32	4500001	6300000
5	p15.33	1	4500000
5	q11.1	48400001	50700000
5	q11.2	50700001	58900000
5	q12.1	58900001	62900000
5	q12.2	62900001	63200000
5	q12.3	63200001	66700000
5	q13.1	66700001	68400000
5	q13.2	68400001	73300000
5	q13.3	73300001	76900000
5	q14.1	76900001	81400000
5	q14.2	81400001	82800000
5	q14.3	82800001	92300000
5	q15	92300001	98200000
5	q21.1	98200001	102800000
5	q21.2	102800001	104500000
5	q21.3	104500001	109600000
5	q22.1	109600001	111500000
5	q22.2	111500001	113100000
5	q22.3	113100001	115200000
5	q23.1	115200001	121400000
5	q23.2	121400001	127300000
5	q23.3	127300001	130600000
5	q31.1	130600001	136200000
5	q31.2	136200001	139500000
5	q31.3	139500001	144500000
5	q32	144500001	149800000
5	q33.1	149800001	152700000
5	q33.2	152700001	155700000
5	q33.3	155700001	159900000
5	q34	159900001	168500000
5	q35.1	168500001	172800000
5	q35.2	172800001	176600000
5	q35.3	176600001	180915260
6	p11.1	58700001	61000000
6	p11.2	57000001	58700000
6	p12.1	52900001	57000000
6	p12.2	51800001	52900000
6	p12.3	46200001	51800000
6	p21.1	40500001	46200000
6	p21.2	36600001	40500000
6	p21.31	33500001	36600000
6	p21.32	32100001	33500000
6	p21.33	30400001	32100000
6	p22.1	27000001	30400000
6	p22.2	25200001	27000000
6	p22.3	15200001	25200000
6	p23	13400001	15200000
6	p24.1	11600001	13400000
6	p24.2	10600001	11600000
6	p24.3	7100001	10600000
6	p25.1	4200001	7100000
6	p25.2	2300001	4200000
6	p25.3	1	2300000
6	q11.1	61000001	63300000
6	q11.2	63300001	63400000
6	q12	63400001	70000000
6	q13	70000001	75900000
6	q14.1	75900001	83900000
6	q14.2	83900001	84900000
6	q14.3	84900001	88000000
6	q15	88000001	93100000
6	q16.1	93100001	99500000
6	q16.2	99500001	100600000
6	q16.3	100600001	105500000
6	q21	105500001	114600000
6	q22.1	114600001	118300000
6	q22.2	118300001	118500000
6	q22.31	118500001	126100000
6	q22.32	126100001	127100000
6	q22.33	127100001	130300000
6	q23.1	130300001	131200000
6	q23.2	131200001	135200000
6	q23.3	135200001	139000000
6	q24.1	139000001	142800000
6	q24.2	142800001	145600000
6	q24.3	145600001	149000000
6	q25.1	149000001	152500000
6	q25.2	152500001	155500000
6	q25.3	155500001	161000000
6	q26	161000001	164500000
6	q27	164500001	171115067
7	p11.1	58000001	59900000
7	p11.2	54000001	58000000
7	p12.1	50500001	54000000
7	p12.2	49000001	50500000
7	p12.3	45400001	49000000
7	p13	43300001	45400000
7	p14.1	37200001	43300000
7	p14.2	35000001	37200000
7	p14.3	28800001	35000000
7	p15.1	28000001	28800000
7	p15.2	25500001	28000000
7	p15.3	20900001	25500000
7	p21.1	16500001	20900000
7	p21.2	13800001	16500000
7	p21.3	7300001	13800000
7	p22.1	4500001	7300000
7	p22.2	2800001	4500000
7	p22.3	1	2800000
7	q11.1	59900001	61700000
7	q11.21	61700001	67000000
7	q11.22	67000001	72200000
7	q11.23	72200001	77500000
7	q21.11	77500001	86400000
7	q21.12	86400001	88200000
7	q21.13	88200001	91100000
7	q21.2	91100001	92800000
7	q21.3	92800001	98000000
7	q22.1	98000001	103800000
7	q22.2	103800001	104500000
7	q22.3	104500001	107400000
7	q31.1	107400001	114600000
7	q31.2	114600001	117400000
7	q31.31	117400001	121100000
7	q31.32	121100001	123800000
7	q31.33	123800001	127100000
7	q32.1	127100001	129200000
7	q32.2	129200001	130400000
7	q32.3	130400001	132600000
7	q33	132600001	138200000
7	q34	138200001	143100000
7	q35	143100001	147900000
7	q36.1	147900001	152600000
7	q36.2	152600001	155100000
7	q36.3	155100001	159138663
8	p11.1	43100001	45600000
8	p11.21	39700001	43100000
8	p11.22	38300001	39700000
8	p11.23	36500001	38300000
8	p12	28800001	36500000
8	p21.1	27400001	28800000
8	p21.2	23300001	27400000
8	p21.3	19000001	23300000
8	p22	12700001	19000000
8	p23.1	6200001	12700000
8	p23.2	2200001	6200000
8	p23.3	1	2200000
8	q11.1	45600001	48100000
8	q11.21	48100001	52200000
8	q11.22	52200001	52600000
8	q11.23	52600001	55500000
8	q12.1	55500001	61600000
8	q12.2	61600001	62200000
8	q12.3	62200001	66000000
8	q13.1	66000001	68000000
8	q13.2	68000001	70500000
8	q13.3	70500001	73900000
8	q21.11	73900001	78300000
8	q21.12	78300001	80100000
8	q21.13	80100001	84600000
8	q21.2	84600001	86900000
8	q21.3	86900001	93300000
8	q22.1	93300001	99000000
8	q22.2	99000001	101600000
8	q22.3	101600001	106200000
8	q23.1	106200001	110500000
8	q23.2	110500001	112100000
8	q23.3	112100001	117700000
8	q24.11	117700001	119200000
8	q24.12	119200001	122500000
8	q24.13	122500001	127300000
8	q24.21	127300001	131500000
8	q24.22	131500001	136400000
8	q24.23	136400001	139900000
8	q24.3	139900001	146364022
9	p11.1	47300001	49000000
9	p11.2	43600001	47300000
9	p12	41000001	43600000
9	p13.1	38400001	41000000
9	p13.2	36300001	38400000
9	p13.3	33200001	36300000
9	p21.1	28000001	33200000
9	p21.2	25600001	28000000
9	p21.3	19900001	25600000
9	p22.1	18500001	19900000
9	p22.2	16600001	18500000
9	p22.3	14200001	16600000
9	p23	9000001	14200000
9	p24.1	4600001	9000000
9	p24.2	2200001	4600000
9	p24.3	1	2200000
9	q11	49000001	50700000
9	q12	50700001	65900000
9	q13	65900001	68700000
9	q21.11	68700001	72200000
9	q21.12	72200001	74000000
9	q21.13	74000001	79200000
9	q21.2	79200001	81100000
9	q21.31	81100001	84100000
9	q21.32	84100001	86900000
9	q21.33	86900001	90400000
9	q22.1	90400001	91800000
9	q22.2	91800001	93900000
9	q22.31	93900001	96600000
9	q22.32	96600001	99300000
9	q22.33	99300001	102600000
9	q31.1	102600001	108200000
9	q31.2	108200001	111300000
9	q31.3	111300001	114900000
9	q32	114900001	117700000
9	q33.1	117700001	122500000
9	q33.2	122500001	125800000
9	q33.3	125800001	130300000
9	q34.11	130300001	133500000
9	q34.12	133500001	134000000
9	q34.13	134000001	135900000
9	q34.2	135900001	137400000
9	q34.3	137400001	141213431
10	p11.1	38000001	40200000
10	p11.21	34400001	38000000
10	p11.22	31300001	34400000
10	p11.23	29600001	31300000
10	p12.1	24600001	29600000
10	p12.2	22600001	24600000
10	p12.31	18700001	22600000
10	p12.32	18600001	18700000
10	p12.33	17300001	18600000
10	p13	12200001	17300000
10	p14	6600001	12200000
10	p15.1	3800001	6600000
10	p15.2	3000001	3800000
10	p15.3	1	3000000
10	q11.1	40200001	42300000
10	q11.21	42300001	46100000
10	q11.22	46100001	49900000
10	q11.23	49900001	52900000
10	q21.1	52900001	61200000
10	q21.2	61200001	64500000
10	q21.3	64500001	70600000
10	q22.1	70600001	74900000
10	q22.2	74900001	77700000
10	q22.3	77700001	82000000
10	q23.1	82000001	87900000
10	q23.2	87900001	89500000
10	q23.31	89500001	92900000
10	q23.32	92900001	94100000
10	q23.33	94100001	97000000
10	q24.1	97000001	99300000
10	q24.2	99300001	101900000
10	q24.31	101900001	103000000
10	q24.32	103000001	104900000
10	q24.33	104900001	105800000
10	q25.1	105800001	111900000
10	q25.2	111900001	114900000
10	q25.3	114900001	119100000
10	q26.11	119100001	121700000
10	q26.12	121700001	123100000
10	q26.13	123100001	127500000
10	q26.2	127500001	130600000
10	q26.3	130600001	135534747
11	p11.11	51600001	53700000
11	p11.12	48800001	51600000
11	p11.2	43500001	48800000
11	p12	36400001	43500000
11	p13	31000001	36400000
11	p14.1	27200001	31000000
11	p14.2	26100001	27200000
11	p14.3	21700001	26100000
11	p15.1	16200001	21700000
11	p15.2	12700001	16200000
11	p15.3	10700001	12700000
11	p15.4	2800001	10700000
11	p15.5	1	2800000
11	q11	53700001	55700000
11	q12.1	55700001	59900000
11	q12.2	59900001	61700000
11	q12.3	61700001	63400000
11	q13.1	63400001	65900000
11	q13.2	65900001	68400000
11	q13.3	68400001	70400000
11	q13.4	70400001	75200000
11	q13.5	75200001	77100000
11	q14.1	77100001	85600000
11	q14.2	85600001	88300000
11	q14.3	88300001	92800000
11	q21	92800001	97200000
11	q22.1	97200001	102100000
11	q22.2	102100001	102900000
11	q22.3	102900001	110400000
11	q23.1	110400001	112500000
11	q23.2	112500001	114500000
11	q23.3	114500001	121200000
11	q24.1	121200001	123900000
11	q24.2	123900001	127800000
11	q24.3	127800001	130800000
11	q25	130800001	135006516
12	p11.1	33300001	35800000
12	p11.21	30700001	33300000
12	p11.22	27800001	30700000
12	p11.23	26500001	27800000
12	p12.1	21300001	26500000
12	p12.2	20000001	21300000
12	p12.3	14800001	20000000
12	p13.1	12800001	14800000
12	p13.2	10100001	12800000
12	p13.31	5400001	10100000
12	p13.32	3300001	5400000
12	p13.33	1	3300000
12	q11	35800001	38200000
12	q12	38200001	46400000
12	q13.11	46400001	49100000
12	q13.12	49100001	51500000
12	q13.13	51500001	54900000
12	q13.2	54900001	56600000
12	q13.3	56600001	58100000
12	q14.1	58100001	63100000
12	q14.2	63100001	65100000
12	q14.3	65100001	67700000
12	q15	67700001	71500000
12	q21.1	71500001	75700000
12	q21.2	75700001	80300000
12	q21.31	80300001	86700000
12	q21.32	86700001	89000000
12	q21.33	89000001	92600000
12	q22	92600001	96200000
12	q23.1	96200001	101600000
12	q23.2	101600001	103800000
12	q23.3	103800001	109000000
12	q24.11	109000001	111700000
12	q24.12	111700001	112300000
12	q24.13	112300001	114300000
12	q24.21	114300001	116800000
12	q24.22	116800001	118100000
12	q24.23	118100001	120700000
12	q24.31	120700001	125900000
12	q24.32	125900001	129300000
12	q24.33	129300001	133851895
13	p11.1	16300001	17900000
13	p11.2	10000001	16300000
13	p12	4500001	10000000
13	p13	1	4500000
13	q11	17900001	19500000
13	q12.11	19500001	23300000
13	q12.12	23300001	25500000
13	q12.13	25500001	27800000
13	q12.2	27800001	28900000
13	q12.3	28900001	32200000
13	q13.1	32200001	34000000
13	q13.2	34000001	35500000
13	q13.3	35500001	40100000
13	q14.11	40100001	45200000
13	q14.12	45200001	45800000
13	q14.13	45800001	47300000
13	q14.2	47300001	50900000
13	q14.3	50900001	55300000
13	q21.1	55300001	59600000
13	q21.2	59600001	62300000
13	q21.31	62300001	65700000
13	q21.32	65700001	68600000
13	q21.33	68600001	73300000
13	q22.1	73300001	75400000
13	q22.2	75400001	77200000
13	q22.3	77200001	79000000
13	q31.1	79000001	87700000
13	q31.2	87700001	90000000
13	q31.3	90000001	95000000
13	q32.1	95000001	98200000
13	q32.2	98200001	99300000
13	q32.3	99300001	101700000
13	q33.1	101700001	104800000
13	q33.2	104800001	107000000
13	q33.3	107000001	110300000
13	q34	110300001	115169878
14	p11.1	16100001	17600000
14	p11.2	8100001	16100000
14	p12	3700001	8100000
14	p13	1	3700000
14	q11.1	17600001	19100000
14	q11.2	19100001	24600000
14	q12	24600001	33300000
14	q13.1	33300001	35300000
14	q13.2	35300001	36600000
14	q13.3	36600001	37800000
14	q21.1	37800001	43500000
14	q21.2	43500001	47200000
14	q21.3	47200001	50900000
14	q22.1	50900001	54100000
14	q22.2	54100001	55500000
14	q22.3	55500001	58100000
14	q23.1	58100001	62100000
14	q23.2	62100001	64800000
14	q23.3	64800001	67900000
14	q24.1	67900001	70200000
14	q24.2	70200001	73800000
14	q24.3	73800001	79300000
14	q31.1	79300001	83600000
14	q31.2	83600001	84900000
14	q31.3	84900001	89800000
14	q32.11	89800001	91900000
14	q32.12	91900001	94700000
14	q32.13	94700001	96300000
14	q32.2	96300001	101400000
14	q32.31	101400001	103200000
14	q32.32	103200001	104000000
14	q32.33	104000001	107349540
15	p11.1	15800001	19000000
15	p11.2	8700001	15800000
15	p12	3900001	8700000
15	p13	1	3900000
15	q11.1	19000001	20700000
15	q11.2	20700001	25700000
15	q12	25700001	28100000
15	q13.1	28100001	30300000
15	q13.2	30300001	31200000
15	q13.3	31200001	33600000
15	q14	33600001	40100000
15	q15.1	40100001	42800000
15	q15.2	42800001	43600000
15	q15.3	43600001	44800000
15	q21.1	44800001	49500000
15	q21.2	49500001	52900000
15	q21.3	52900001	59100000
15	q22.1	59100001	59300000
15	q22.2	59300001	63700000
15	q22.31	63700001	67200000
15	q22.32	67200001	67300000
15	q22.33	67300001	67500000
15	q23	67500001	72700000
15	q24.1	72700001	75200000
15	q24.2	75200001	76600000
15	q24.3	76600001	78300000
15	q25.1	78300001	81700000
15	q25.2	81700001	85200000
15	q25.3	85200001	89100000
15	q26.1	89100001	94300000
15	q26.2	94300001	98500000
15	q26.3	98500001	102531392
16	p11.1	34600001	36600000
16	p11.2	28100001	34600000
16	p12.1	24200001	28100000
16	p12.2	21200001	24200000
16	p12.3	16800001	21200000
16	p13.11	14800001	16800000
16	p13.12	12600001	14800000
16	p13.13	10500001	12600000
16	p13.2	7900001	10500000
16	p13.3	1	7900000
16	q11.1	36600001	38600000
16	q11.2	38600001	47000000
16	q12.1	47000001	52600000
16	q12.2	52600001	56700000
16	q13	56700001	57400000
16	q21	57400001	66700000
16	q22.1	66700001	70800000
16	q22.2	70800001	72900000
16	q22.3	72900001	74100000
16	q23.1	74100001	79200000
16	q23.2	79200001	81700000
16	q23.3	81700001	84200000
16	q24.1	84200001	87100000
16	q24.2	87100001	88700000
16	q24.3	88700001	90354753
17	p11.1	22200001	24000000
17	p11.2	16000001	22200000
17	p12	10700001	16000000
17	p13.1	6500001	10700000
17	p13.2	3300001	6500000
17	p13.3	1	3300000
17	q11.1	24000001	25800000
17	q11.2	25800001	31800000
17	q12	31800001	38100000
17	q21.1	38100001	38400000
17	q21.2	38400001	40900000
17	q21.31	40900001	44900000
17	q21.32	44900001	47400000
17	q21.33	47400001	50200000
17	q22	50200001	57600000
17	q23.1	57600001	58300000
17	q23.2	58300001	61100000
17	q23.3	61100001	62600000
17	q24.1	62600001	64200000
17	q24.2	64200001	67100000
17	q24.3	67100001	70900000
17	q25.1	70900001	74800000
17	q25.2	74800001	75300000
17	q25.3	75300001	81195210
18	p11.1	15400001	17200000
18	p11.21	10900001	15400000
18	p11.22	8500001	10900000
18	p11.23	7100001	8500000
18	p11.31	2900001	7100000
18	p11.32	1	2900000
18	q11.1	17200001	19000000
18	q11.2	19000001	25000000
18	q12.1	25000001	32700000
18	q12.2	32700001	37200000
18	q12.3	37200001	43500000
18	q21.1	43500001	48200000
18	q21.2	48200001	53800000
18	q21.31	53800001	56200000
18	q21.32	56200001	59000000
18	q21.33	59000001	61600000
18	q22.1	61600001	66800000
18	q22.2	66800001	68700000
18	q22.3	68700001	73100000
18	q23	73100001	78077248
19	p11	24400001	26500000
19	p12	20000001	24400000
19	p13.11	16300001	20000000
19	p13.12	14000001	16300000
19	p13.13	13900001	14000000
19	p13.2	6900001	13900000
19	p13.3	1	6900000
19	q11	26500001	28600000
19	q12	28600001	32400000
19	q13.11	32400001	35500000
19	q13.12	35500001	38300000
19	q13.13	38300001	38700000
19	q13.2	38700001	43400000
19	q13.31	43400001	45200000
19	q13.32	45200001	48000000
19	q13.33	48000001	51400000
19	q13.41	51400001	53600000
19	q13.42	53600001	56300000
19	q13.43	56300001	59128983
20	p11.1	25600001	27500000
20	p11.21	22300001	25600000
20	p11.22	21300001	22300000
20	p11.23	17900001	21300000
20	p12.1	12100001	17900000
20	p12.2	9200001	12100000
20	p12.3	5100001	9200000
20	p13	1	5100000
20	q11.1	27500001	29400000
20	q11.21	29400001	32100000
20	q11.22	32100001	34400000
20	q11.23	34400001	37600000
20	q12	37600001	41700000
20	q13.11	41700001	42100000
20	q13.12	42100001	46400000
20	q13.13	46400001	49800000
20	q13.2	49800001	55000000
20	q13.31	55000001	56500000
20	q13.32	56500001	58400000
20	q13.33	58400001	63025520
21	p11.1	10900001	13200000
21	p11.2	6800001	10900000
21	p12	2800001	6800000
21	p13	1	2800000
21	q11.1	13200001	14300000
21	q11.2	14300001	16400000
21	q21.1	16400001	24000000
21	q21.2	24000001	26800000
21	q21.3	26800001	31500000
21	q22.11	31500001	35800000
21	q22.12	35800001	37800000
21	q22.13	37800001	39700000
21	q22.2	39700001	42600000
21	q22.3	42600001	48129895
22	p11.1	12200001	14700000
22	p11.2	8300001	12200000
22	p12	3800001	8300000
22	p13	1	3800000
22	q11.1	14700001	17900000
22	q11.21	17900001	22200000
22	q11.22	22200001	23500000
22	q11.23	23500001	25900000
22	q12.1	25900001	29600000
22	q12.2	29600001	32200000
22	q12.3	32200001	37600000
22	q13.1	37600001	41000000
22	q13.2	41000001	44200000
22	q13.31	44200001	48400000
22	q13.32	48400001	49400000
22	q13.33	49400001	51304566
X	p11.1	58100001	60600000
X	p11.21	54800001	58100000
X	p11.22	49800001	54800000
X	p11.23	46400001	49800000
X	p11.3	42400001	46400000
X	p11.4	37600001	42400000
X	p21.1	31500001	37600000
X	p21.2	29300001	31500000
X	p21.3	24900001	29300000
X	p22.11	21900001	24900000
X	p22.12	19300001	21900000
X	p22.13	17100001	19300000
X	p22.2	9500001	17100000
X	p22.31	6000001	9500000
X	p22.32	4300001	6000000
X	p22.33	1	4300000
X	q11.1	60600001	63000000
X	q11.2	63000001	64600000
X	q12	64600001	67800000
X	q13.1	67800001	71800000
X	q13.2	71800001	73900000
X	q13.3	73900001	76000000
X	q21.1	76000001	84600000
X	q21.2	84600001	86200000
X	q21.31	86200001	91800000
X	q21.32	91800001	93500000
X	q21.33	93500001	98300000
X	q22.1	98300001	102600000
X	q22.2	102600001	103700000
X	q22.3	103700001	108700000
X	q23	108700001	116500000
X	q24	116500001	120900000
X	q25	120900001	128700000
X	q26.1	128700001	130400000
X	q26.2	130400001	133600000
X	q26.3	133600001	138000000
X	q27.1	138000001	140300000
X	q27.2	140300001	142100000
X	q27.3	142100001	147100000
X	q28	147100001	155270560
Y	p11.1	11600001	12500000
Y	p11.2	3000001	11600000
Y	p11.31	2500001	3000000
Y	p11.32	1	2500000
Y	q11.1	12500001	13400000
Y	q11.21	13400001	15100000
Y	q11.221	15100001	19800000
Y	q11.222	19800001	22100000
Y	q11.223	22100001	26200000
Y	q11.23	26200001	28800000
Y	q12	28800001	59373566
